-0 -1 -10 -11 -12 -13 19 -14 -18 -15 -16 -2 17 -3 -4 6 -8 -5 -7 -9
-0 -1 -10 -11 -12 8 -13 -14 -15 7 -16 -17 -19 -5 3 -18 -2 -9 4 -6
-0 -1 -10 -11 -12 -13 -14 -15 -16 -5 -2 -4 -18 -17 -9 -6 -8 -3 -19 -7
-0 -1 -10 2 -11 -12 4 -13 8 -14 6 15 9 17 16 -18 -3 -5 -19 -7
-0 -1 -10 -11 -12 -13 7 -17 -14 -15 -16 -18 -19 2 -3 -4 5 -6 -8 9
-0 -1 -10 -11 -12 -13 -14 -15 42 -16 -25 -17 -29 33 7 -68 -28 26 -22 -64 -65 -18 -19 -6 -69 -2 20 -21 47 -9 -23 -24 -57 -58 -53 27 -3 -8 -4 43 -52 41 -30 -62 -35 -48 38 45 -67 60 70 -31 -44 -74 -59 -34 -36 -63 -32 37 -49 -50 -61 -71 -39 -40 -46 55 66 54 -5 -51 -56 -72 -73
-0 -1 -10 -11 -12 -62 -13 -14 -60 -16 -15 -33 -17 47 -32 18 -19 38 -54 -67 -70 2 -20 56 -21 -22 -40 -23 34 -30 -24 -25 -26 -69 29 -27 -28 -41 58 6 -46 -42 -31 43 -3 -36 9 -59 48 -8 72 49 39 64 -51 -74 57 -35 -37 -4 53 -44 5 -45 71 -63 -55 -7 -52 -50 -61 -65 -66 -68 -73
-0 -1 -10 -11 -12 -13 -14 -15 8 -16 70 -54 45 35 -17 -18 34 -30 7 -47 -19 -22 -29 -66 -2 -20 39 -63 -49 -21 69 -71 23 68 24 -36 -74 73 -32 27 -25 28 31 -26 -3 -33 -37 38 -4 50 -51 -61 62 9 -60 40 64 -41 53 -42 -67 -43 56 -55 58 -44 48 59 -46 -5 -52 -57 -6 -65 -72
-0 -1 -10 -11 -12 -13 -14 -71 -15 -20 -65 45 -16 -17 -18 68 -4 -32 -44 -19 -29 -2 -49 -21 62 22 -3 -8 -27 28 36 -72 -67 41 54 40 69 -48 66 -42 -59 52 58 30 50 51 39 -73 23 61 -24 -25 -26 -31 -33 -34 63 -7 46 -55 53 5 -56 -60 -38 -9 -35 -37 -43 -47 -57 -6 -64 -70 -74
-0 -1 -10 -11 -12 16 -67 -13 -63 70 -41 -14 -61 -15 35 -17 -18 -47 -19 3 2 4 56 25 20 -21 -33 -22 -23 -24 -52 -26 27 -28 34 -29 -59 65 -39 50 66 30 -31 32 36 -54 -49 -53 57 -45 58 -8 62 64 9 -46 72 48 55 51 -5 42 -6 -43 -71 69 -68 -38 -37 -44 -40 -60 -7 -73 -74
-0 -1 -10 -11 -12 -13 -14 -15 -16 -17 -18 -19 -2 29 -60 -20 21 67 -22 -72 -36 -23 -59 47 -58 62 53 69 -39 8 34 74 -24 70 -50 -65 -33 51 -38 -63 -54 -64 -71 -44 52 -66 27 -6 -49 5 -30 -28 -35 46 -9 -3 45 -57 26 -55 -40 42 -7 -73 31 48 -25 43 -37 -56 -32 -4 -41 -61 -68
-0 -1 -10 -11 -12 -13 -14 -63 -15 -16 -42 -24 55 39 -17 73 -51 -18 64 5 -37 -65 -57 -66 -44 49 33 53 -69 -67 -19 -2 -20 47 -74 -9 -31 -32 27 -6 59 -30 3 -45 50 -28 8 56 22 -21 26 -46 7 -43 -48 -23 -25 -62 -29 52 71 61 34 35 -36 38 -70 4 60 -58 -40 41 -54 -68 -72
-0 -1 -45 -10 -11 -32 -12 -42 -16 58 -13 -35 -14 -15 17 -3 51 26 -70 38 18 -19 -73 -2 -31 -5 20 34 46 -69 21 49 -22 -23 -24 -25 -65 37 -72 39 -9 47 4 -27 55 28 -29 30 -33 -36 6 -74 -60 68 -56 -50 -52 -48 43 -7 -57 -63 67 -61 44 -41 62 -53 -54 -40 -59 -64 -66 8 -71
-0 -1 -10 -11 -12 -65 13 -14 23 -18 15 -20 21 41 -62 5 -72 -9 28 -30 -33 16 46 17 -36 -19 -49 47 54 40 -7 31 8 -24 -34 -69 -52 25 -2 63 -64 29 -3 -27 -35 -22 -26 -59 44 -58 42 -51 -39 -60 68 -43 4 71 -55 -67 -32 -37 -74 6 38 -73 57 70 -45 -48 50 -61 -56 -53 -66
-0 -1 -10 -11 -12 -13 -9 -14 -2 -68 15 -47 -44 -7 -16 38 -52 -8 -30 55 31 28 -69 29 -18 25 -17 -58 50 -42 63 53 54 -37 36 4 6 -19 26 3 70 -57 -61 -20 -22 -35 -64 -21 23 73 -24 -27 67 32 60 41 46 -33 -56 45 -65 -34 62 5 51 -39 -40 -43 -48 -71 -49 72 -59 -66 -74

